723
71
76
75
199
618
830
700
710
43
193
604
348
750
282
559
571
506
767
992
114
108
794
744
706
951
256
365
433
857
414
566
360
933
904
677
521
759
644
38
525
706
929
971
582
198
155
389
695
779
622
606
906
689
997
512
535
116
883
490
368
682
93
984
11
104
303
240
235
764
785
769
472
168
604
895
409
290
626
427
634
482
86
477
119
738
161
223
222
735
224
91
506
671
595
329
22
638
105
560
780
742
811
88
1000
838
245
347
46
481
399
693
845
587
872
75
545
243
943
251
659
89
266
976
691
531
238
471
219
949
322
404
121
131
946
919
322
400
198
693
501
98
561
370
70
417
569
557
621
244
785
749
42
862
92
219
770
793
93
956
546
114
552
327
164
530
88
769
847
14
161
142
654
645
737
771
303
819
507
990
445
998
606
144
909
205
118
351
827
217
682
51
286
354
973
798
313
449
347
878
592
48
784
209
190
760
577
649
804
950
641
86
630
802
949
541
340
744
715
637
353
379
339
270
804
859
895
470
12
956
397
726
732
941
184
156
208
904
498
372
445
173
200
743
90
483
595
146
114
563
581
886
493
755
66
255
407
971
365
269
730
583
681
525
815
505
374
929
189
546
42
561
159
797
215
139
389
359
321
605
629
98
549
154
480
488
885
727
114
774
478
779
396
945
918
138
40
97
40
494
244
873
976
31
334
673
690
299
427
937
117
885
165
773
719
618
839
521
320
816
594
479
275
599
826
914
896
474
174
326
810
88
97
22
327
156
833
960
598
697
105
665
108
608
550
47
852
964
746
541
216
56
449
421
627
559
184
973
949
436
409
326
538
17
66
363
638
321
326
709
90
476
981
524
905
43
936
493
25
960
375
994
90
887
67
956
546
229
395
269
119
932
358
432
252
205
40
9
587
436
277
710
663
409
855
518
521
108
911
869
960
609
980
376
163
693
79
1
528
830
203
781
941
100
752
114
896
220
738
257
751
504
29
137
216
952
324
583
583
546
719
481
997
142
832
84
122
792
413
143
237
996
47
395
685
161
858
83
279
843
735
780
65
652
185
469
80
110
382
298
35
20
535
504
571
863
751
368
225
619
428
571
973
77
303
628
125
993
887
283
501
641
58
747
573
140
881
496
324
287
829
481
223
10
524
478
593
265
743
114
55
89
407
399
427
225
531
973
133
783
741
867
736
810
892
983
161
329
434
755
489
100
123
225
50
341
787
813
861
10
999
734
356
31
534
504
196
888
19
514
125
930
502
985
731
117
276
906
431
68
544
38
851
336
796
839
330
142
777
599
406
929
857
714
23
43
713
316
470
48
519
56
551
855
901
631
515
384
833
58
81
861
282
418
151
986
354
104
922
996
178
180
731
713
833
471
595
599
784
739
409
929
910
195
61
468
83
371
843
853
860
597
369
603
98
497
795
672
684
552
237
533
351
169
330
218
672
874
143
507
301
113
43
857
407
182
582
385
788
649
256
180
154
106
155
158
556
233
761
497
772
638
165
311
820
138
937
369
100
871
369
301
177
142
968
52
566
214
893
460
959
219
270
734
591
749
606
705
401
504
757
91
137
425
308
68
609
982
225
428
432
872
889
983
904
24
901
753
850
198
806
292
488
681
542
853
547
273
14
275
852
891
429
351
164
93
385
370
672
861
643
589
97
958
345
581
858
661
2
718
587
246
573
972
770
78
60
993
617
926
38
708
304
195
395
541
650
78
259
428
427
154
739
522
225
962
276
804
949
576
920
831
146
634
781
981
636
716
9
842
808
160
646
78
482
710
573
849
827
927
532
239
698
547
137
354
950
159
96
72
370
147
296
50
83
771
173
711
832
652
235
457
778
912
143
136
884
505
387
40
276
26
513
226
183
795
699
328
850
21
650
626
779
382
322
3
836
663
695
854
171
928
373
958
532
928
235
702
734
689
71
409
832
80
983
549
533
939
35
198
414
768
843
950
962
422
60
156
337
798
249
574
817
656
402
827
174
700
989
981
129
59
395
137
165
646
316
955
701
521
299
949
146
305
668
841
197
458
344
228
946
113
871
841
516
348
387
117
547
163
54
936
519
510
429
711
764
443
791
697
690
871
653
636
206
933
890
194
753
669
369
550
759
187
415
186
110
912
33
621
177
787
402
1000
208
183
64
539
221
324
328
975
842
505
392
512
589
285
618
592
321
622
688
119
943
845
984
17
739
135
698
54
797
283
374
630
467
540
121
851
264
261
980
736
135
982
596
561
859
177
558
284
104
223
313
219
131
649
610
420
601
911
662
336
282
651
611
102
784
205
624
174
124
672
180
539
431
980
439
994
877
998
786
402
6
427
682
237
145
1000
187
348
909
828
686
147
517
866
109
309
244
53
650
395
190
842
187
825
609
350
975
342
811
58
439
381
983
307
560
743
451
267
520
981
695
382
462
13
353
14
739
873
998
187
263
256
315
873
497
319
419
154
444
97
464
818
696
834
569
523
697
300
761
360
633
99
103
504
740
449
895
870
886
600
916
650
46
213
879
886
941
757
25
435
693
945
619
355
756
745
149
627
298
337
541
234
855
639
492
879
0
579
370
396
118
619
611
852
659
19
365
594
937
844
860
752
741
566
701
44
169
223
688
331
42
488
909
968
401
368
398
786
904
766
1
219
272
9
772
372
658
311
809
550
14
12
733
288
806
972
194
465
20
235
808
942
674
499
532
905
261
48
873
426
557
31
915
872
254
743
428
917
534
252
410
962
826
426
478
50
672
173
60
996
897
366
352
788
821
34
71
986
372
967
973
80
295
936
903
402
926
342
627
177
771
187
542
963
581
763
269
238
640
573
432
314
629
451
93
504
589
531
407
76
863
771
770
411
787
122
30
114
109
123
643
377
154
831
28
819
503
708
259
340
699
363
488
333
201
762
457
983
32
806
496
757
746
733
119
469
973
206
839
685
238
779
29
944
552
748
970
632
803
363
711
145
483
34
876
755
812
598
539
672
755
940
206
944
337
235
741
709
715
745
864
807
776
854
912
912
433
460
331
106
922
984
808
886
390
368
801
105
833
686
954
404
948
274
177
432
645
59
157
410
932
527
353
655
782
434
918
441
798
107
172
471
453
523
772
342
232
269
856
802
384
656
775
798
11
249
182
460
651
444
479
41
841
648
222
817
781
477
204
752
255
781
637
413
743
603
356
957
657
248
412
79
995
660
456
710
631
196
56
343
545
488
649
501
16
520
495
761
970
500
270
48
915
604
542
706
327
922
408
347
68
652
276
402
7
620
402
690
429
556
290
600
191
554
181
696
755
357
976
378
885
767
636
247
689
941
420
266
247
429
824
504
474
372
303
384
911
265
959
746
209
420
608
662
777
783
160
717
782
328
418
663
913
706
946
828
850
283
380
960
915
415
164
274
725
63
760
173
15
90
331
477
164
99
1000
659
750
889
367
464
835
606
110
256
754
618
570
527
382
706
152
559
345
735
738
425
741
636
128
891
658
191
163
606
196
961
877
124
31
447
139
937
351
267
535
196
308
473
910
620
576
601
396
727
825
741
510
928
8
201
508
789
488
989
766
886
397
37
596
905
244
908
510
538
893
305
426
406
56
679
342
478
198
172
52
268
523
249
696
622
68
645
817
616
945
108
518
847
774
890
737
305
618
655
559
929
769
259
933
124
206
575
310
294
524
859
636
636
965
40
610
500
310
276
55
266
808
941
908
553
897
578
415
574
697
291
183
563
331
232
780
807
566
521
886
944
163
598
812
434
76
825
829
532
937
183
335
828
336
88
413
341
440
508
940
445
741
952
479
208
935
183
454
526
387
146
337
684
153
440
533
938
977
972
272
650
541
191
252
97
684
320
493
318
219
143
126
216
803
47
779
729
701
897
673
192
23
837
674
227
288
911
573
495
654
658
397
523
806
795
399
304
661
149
370
660
53
165
475
353
369
537
610
617
848
443
151
153
138
264
849
290
149
19
952
754
638
623
122
952
811
173
675
303
870
383
645
439
660
630
918
429
428
672
482
140
864
628
55
195
341
298
464
957
729
902
922
215
322
160
969
827
882
500
818
118
420
253
941
471
85
817
752
163
324
542
375
979
230
830
399
853
958
608
412
208
844
96
339
647
104
962
95
627
53
214
132
599
991
200
178
859
680
145
71
536
65
552
17
448
924
77
623
319
564
290
818
465
52
501
183
240
408
308
855
937
518
971
397
47
6
329
872
751
722
973
847
574
730
99
918
633
429
745
419
798
405
230
409
830
813
906
952
312
512
650
593
454
771
719
118
715
572
302
35
988
962
683
766
859
163
291
522
261
932
704
65
463
509
20
580
879
786
905
804
705
241
612
677
946
786
398
871
912
500
492
15
799
784
41
792
351
723
123
605
760
34
572
769
720
834
866
480
3
317
821
367
684
403
909
117
398
826
463
905
574
306
140
924
744
666
904
283
536
861
412
956
459
843
107
902
56
329
283
617
39
919
368
554
437
279
906
736
210
405
483
111
721
126
66
292
739
300
298
132
436
885
400
26
58
672
433
431
60
360
937
27
644
998
383
844
421
369
635
365
450
494
529
125
584
133
408
919
803
581
585
839
209
685
189
185
685
137
381
421
628
697
845
285
92
234
776
82
636
185
847
905
848
571
163
82
996
661
506
415
959
289
200
981
83
990
507
908
433
500
824
368
740
647
718
739
770
875
300
405
141
177
674
233
693
216
611
144
390
204
509
54
872
285
196
388
13
912
681
456
600
224
297
867
724
686
630
586
819
641
475
433
52
110
643
254
633
131
458
129
701
53
433
915
473
506
508
85
973
792
19
762
460
217
788
29
358
717
0
552
322
180
78
619
19
881
285
209
11
649
868
828
830
353
63
481
74
557
99
730
183
435
585
521
785
128
641
269
651
862
414
185
229
55
427
240
127
121
4
909
358
754
529
849
334
724
277
494
307
1000
712
556
766
891
246
214
478
526
522
689
173
86
271
545
951
18
900
193
207
307
70
313
826
274
592
526
838
565
363
468
58
731
396
449
292
64
80
408
718
488
26
278
90
766
777
486
384
21
620
273
155
566
666
196
357
880
804
718
699
80
982
837
157
17
382
54
272
832
259
849
947
47
293
484
593
290
875
418
542
638
109
298
860
179
760
278
340
258
935
304
683
674
809
367
818
350
161
810
651
688
613
894
51
934
354
9
544
97
357
368
910
757
79
243
532
467
291
418
800
779
148
743
451
119
808
384
298
90
713
43
410
737
353
897
697
990
826
19
295
933
308
24
437
622
110
395
41
632
180
847
125
777
219
195
33
683
76
517
540
934
639
937
457
898
609
404
451
86
438
178
834
677
810
818
592
384
482
398
531
767
418
564
158
446
562
929
749
305
812
679
918
926
586
820
212
978
616
835
145
899
226
451
648
479
966
527
860
416
510
958
493
29
870
507
760
435
656
576
777
305
146
966
276
378
624
222
368
524
540
426
566
472
996
274
316
356
155
608
415
456
364
58
507
655
372
652
268
593
291
461
306
574
687
446
410
873
815
471
437
381
216
394
820
806
395
2
195
14
966
486
192
697
982
96
339
707
709
309
843
938
839
259
883
832
736
231
921
251
397
906
225
760
754
562
508
361
121
886
691
362
367
639
594
376
399
40
871
686
493
650
981
589
860
466
275
495
394
314
962
830
547
389
647
992
221
560
811
870
143
819
383
611
224
939
461
671
151
9
612
42
56
500
348
11
699
627
279
192
141
143
824
622
600
836
726
341
521
530
974
620
324
385
716
214
739
955
364
678
636
37
339
782
733
319
48
430
945
731
439
886
442
375
800
976
29
450
218
54
623
274
576
619
991
921
715
612
641
77
935
283
485
171
574
881
992
125
830
106
64
667
68
268
518
383
337
420
951
187
416
206
691
635
31
955
172
331
23
152
870
785
411
135
561
717
649
301
126
428
956
5
966
666
458
28
186
26
606
657
629
873
419
412
813
572
281
140
123
75
455
513
217
251
532
704
259
549
672
825
794
990
262
586
62
401
150
827
193
587
489
533
862
556
52
99
478
212
101
164
5
867
295
978
490
467
287
684
396
274
160
156
761
12
106
349
907
751
449
138
741
806
740
173
619
342
375
611
421
95
237
110
603
153
411
820
307
280
188
176
892
990
42
449
977
864
500
992
306
629
7
633
35
466
554
564
914
674
996
146
79
35
49
333
361
276
831
844
288
495
333
668
188
642
364
65
71
727
847
498
194
542
164
222
136
436
390
35
157
585
664
137
269
70
135
427
520
650
197
828
300
847
460
976
682
639
965
283
835
912
630
838
301
841
410
441
177
880
1
454
704
332
683
348
94
794
848
982
280
269
719
249
77
973
399
394
94
18
924
679
406
277
763
532
200
504
713
918
806
482
937
186
350
271
389
697
926
783
997
289
310
308
130
560
743
720
466
407
668
408
237
570
722
783
793
260
759
43
92
824
916
395
583
475
540
603
50
913
827
373
381
103
146
852
454
931
85
357
933
326
233
618
655
736
719
48
627
56
967
354
340
190
820
15
914
419
261
364
726
740
317
958
79
743
827
496
676
578
567
96
849
653
943
139
143
919
362
91
338
864
236
224
668
348
572
492
978
742
647
835
819
478
418
499
232
901
568
609
19
556
741
633
337
237
935
949
694
125
9
599
549
629
221
549
212
679
607
160
672
704
47
992
840
847
511
109
973
333
779
129
866
398
147
309
994
862
850
483
56
139
661
255
594
370
982
986
806
831
316
376
456
767
53
496
620
706
430
891
102
93
230
642
398
23
834
452
91
989
676
886
410
164
545
346
380
319
924
245
393
185
819
871
192
619
486
116
375
535
41
773
389
586
845
159
882
602
802
360
313
679
427
375
930
884
366
208
949
528
272
805
973
491
981
458
692
257
965
595
59
538
358
884
828
243
471
602
647
707
656
411
52
15
857
376
277
805
106
306
127
936
641
962
912
38
261
15
940
449
475
704
571
918
214
494
978
378
217
612
366
319
511
793
38
211
88
68
473
284
302
667
63
511
744
557
799
448
189
817
345
27
104
494
784
503
87
229
269
962
122
442
628
514
368
378
991
305
354
549
251
537
897
973
641
595
130
109
663
396
890
367
558
866
578
604
142
662
943
651
864
84
725
361
216
60
507
534
212
618
207
420
940
488
205
926
735
927
502
706
6
813
42
937
522
350
16
762
37
715
489
689
667
804
15
502
805
372
294
518
600
693
739
716
974
450
278
883
72
595
344
3
824
106
334
738
415
558
782
933
432
133
329
220
64
249
436
595
411
763
597
423
95
108
182
596
721
190
66
303
846
111
107
559
951
993
421
898
628
64
707
780
622
830
303
521
618
925
965
114
564
185
465
917
324
137
895
614
497
471
826
487
775
39
761
878
828
478
758
799
689
80
21
90
591
449
148
791
45
785
885
777
485
278
501
733
180
14
501
119
802
29
157
707
513
457
979
211
593
603
491
348
371
473
162
530
889
220
920
764
966
491
581
754
905
183
736
871
116
165
673
245
980
62
807
547
79
581
910
804
709
530
254
67
584
335
916
1
563
120
992
152
986
96
790
172
374
226
20
762
107
917
78
769
371
681
979
520
927
589
136
281
275
23
973
677
897
383
603
694
996
580
18
818
944
849
191
248
476
927
698
832
587
180
945
475
907
874
491
471
806
785
335
746
628
647
514
579
138
703
687
606
549
617
66
464
66
93
579
576
434
963
214
872
906
130
368
352
487
2
620
696
842
832
170
842
332
708
504
926
151
879
901
506
68
129
412
607
770
398
770
777
428
205
758
971
954
682
759
197
795
522
889
240
258
848
839
247
498
242
679
969
415
447
119
39
754
522
875
672
482
925
541
897
249
985
982
317
758
300
667
851
544
910
565
258
107
978
112
444
650
494
444
160
241
528
474
681
220
265
236
225
183
421
319
384
894
983
568
982
779
836
737
19
522
299
881
523
282
82
103
575
419
549
908
328
661
467
910
701
955
975
175
480
43
375
455
934
559
562
957
285
286
570
542
300
623
826
267
576
243
16
703
145
549
862
913
649
221
452
792
302
475
547
861
601
964
579
154
824
558
92
782
871
418
408
613
570
759
52
591
746
762
264
166
27
444
522
602
450
881
855
603
332
227
919
999
577
373
283
615
528
757
904
466
755
262
637
776
330
20
954
50
312
769
516
148
357
960
389
815
578
797
682
26
717
156
405
709
300
794
153
572
703
644
504
833
605
878
24
720
501
935
396
258
852
250
407
205
426
490
633
643
490
520
946
198
670
540
587
410
404
404
343
294
752
567
524
352
276
943
311
605
771
921
39
734
952
264
198
580
143
408
198
884
563
601
577
443
708
489
641
425
744
473
60
232
667
457
972
231
246
607
135
53
943
862
608
7
193
165
207
539
116
705
177
899
52
286
963
969
845
923
572
65
451
125
443
509
164
327
666
621
968
867
245
826
136
781
996
50
661
958
134
391
489
901
62
37
370
406
539
129
38
287
549
920
342
46
495
83
272
236
799
854
333
925
901
948
714
8
521
756
974
262
717
71
588
425
811
965
973
565
151
542
482
96
77
300
328
903
110
17
279
343
545
793
693
640
82
945
278
264
701
504
921
917
418
921
927
548
614
869
815
919
721
463
936
375
883
155
152
685
176
447
326
931
100
138
58
624
321
180
930
863
847
804
857
494
798
331
88
621
284
269
886
512
77
135
279
677
225
536
934
757
853
562
697
748
729
200
640
197
369
717
913
694
487
943
435
698
272
571
404
594
316
187
248
911
478
587
385
269
325
839
148
45
507
609
671
455
176
46
581
696
406
627
188
659
178
884
535
609
952
662
105
700
399
826
665
874
278
460
951
614
648
466
984
819
251
764
289
422
627
70
902
141
690
261
999
88
28
473
488
991
489
357
851
611
616
272
274
623
605
879
365
586
108
311
987
392
504
112
332
563
710
281
944
577
597
200
884
152
256
194
924
60
526
717
119
121
873
549
753
741
897
227
563
913
948
884
460
635
192
996
742
28
993
856
725
949
131
719
592
596
810
481
17
626
146
392
160
92
444
161
564
232
330
527
196
966
676
629
929
900
435
802
888
739
174
488
574
292
501
351
187
873
217
973
868
692
991
935
448
392
388
303
578
472
151
117
399
495
958
665
906
655
824
787
226
213
219
583
85
218
706
77
761
554
20
10
470
733
291
130
915
88
274
456
982
87
418
446
876
473
292
622
175
930
23
108
913
898
551
277
583
198
94
942
554
26
563
244
36
299
286
109
796
743
670
641
238
507
156
336
103
478
248
354
391
515
25
222
877
385
340
212
271
513
825
977
646
634
243
296
958
602
618
267
135
817
328
177
978
48
245
944
932
813
376
779
146
235
545
246
978
328
335
745
45
317
871
888
117
272
784
696
716
810
693
937
566
739
806
13
658
891
315
469
520
506
901
655
931
766
554
803
933
795
563
461
481
60
602
918
372
369
314
923
491
160
468
383
901
465
831
222
769
497
523
57
758
976
146
467
59
565
497
940
775
591
440
153
65
871
576
752
325
448
1
786
233
47
245
562
587
28
813
856
796
361
947
206
159
114
909
763
406
484
54
286
692
637
449
849
694
968
823
434
82
243
203
690
436
38
96
433
992
771
928
776
123
293
473
879
0
663
266
268
999
698
339
960
173
894
55
359
162
531
571
590
79
241
176
231
343
744
229
432
287
942
775
115
706
536
558
55
732
5
691
356
500
58
236
425
868
282
164
317
234
681
607
229
856
747
274
616
31
726
522
57
955
807
896
111
158
856
723
196
199
351
537
123
527
561
528
317
478
36
757
760
385
899
849
99
968
5
567
200
876
842
36
941
217
197
383
547
239
651
107
19
549
876
755
978
81
369
914
431
752
161
898
752
775
985
814
955
264
417
367
862
585
701
380
922
129
287
930
712
95
707
502
791
974
507
987
957
535
194
817
892
785
62
910
204
81
825
931
662
363
442
935
903
160
710
193
122
675
568
46
574
777
808
862
131
369
855
297
389
729
552
940
680
790
440
812
46
641
29
242
698
558
901
196
477
84
899
874
847
968
691
750
896
744
932
715
589
732
988
788
466
461
458
25
606
815
229
975
109
864
209
846
776
915
967
441
803
796
157
678
273
222
673
440
499
340
239
446
950
883
429
566
667
932
235
781
400
314
123
374
344
329
307
7
510
71
139
441
412
419
244
773
418
878
989
523
693
402
747
217
333
804
393
70
916
11
189
159
850
740
496
688
454
488
465
40
485
965
315
267
120
258
511
86
222
917
460
879
295
372
60
234
245
177
766
297
18
987
333
352
230
213
204
580
127
1
794
608
207
857
90
424
291
772
130
250
521
708
269
533
910
202
756
77
381
243
507
903
964
180
507
903
976
898
453
123
828
299
215
119
902
13
396
391
799
874
514
782
337
898
117
457
244
574
623
325
763
886
476
383
194
686
284
851
875
133
723
101
65
935
482
50
85
174
367
244
94
936
100
990
428
279
562
409
692
198
78
915
1
175
263
951
553
901
3
177
884
363
781
891
344
805
74
112
431
263
843
445
439
772
789
826
59
231
514
307
247
290
2
201
529
937
25
238
346
720
238
391
591
590
426
639
988
833
862
891
728
572
341
192
369
572
679
261
384
177
566
616
956
302
791
930
472
753
771
865
114
596
801
155
10
621
240
266
464
399
833
347
773
365
243
987
648
600
698
419
87
113
578
475
268
945
640
74
340
766
172
881
438
45
660
48
291
366
345
455
378
772
473
315
396
251
890
804
43
475
80
631
4
28
591
304
117
477
11
299
667
939
478
725
565
946
773
599
658
970
698
823
927
622
288
724
719
599
172
560
673
275
986
398
157
968
814
993
968
996
982
561
550
839
235
910
452
169
632
685
933
565
428
572
575
367
553
973
248
954
200
865
628
618
991
392
321
728
301
181
629
26
233
964
922
668
705
815
206
720
403
819
127
315
808
205
247
966
139
481
893
978
381
179
981
808
523
474
308
468
346
563
537
668
489
621
897
129
499
713
130
6
77
959
854
530
917
481
921
418
18
384
121
407
865
63
250
720
330
245
457
846
655
506
417
2
922
124
292
268
41
389
974
483
759
238
662
666
862
605
875
317
173
630
391
528
822
363
762
965
730
12
581
416
568
788
673
700
912
377
406
654
606
331
66
373
523
201
14
395
939
119
738
817
225
16
244
23
285
540
631
552
726
366
979
945
64
3
624
625
488
643
697
104
692
300
238
842
1
284
117
994
840
254
253
827
614
554
434
622
11
384
781
118
704
640
636
154
743
893
538
532
324
10
381
216
21
544
734
978
726
794
31
487
797
496
555
892
628
469
151
78
90
792
104
934
761
33
964
926
210
187
613
180
801
141
153
607
56
285
268
384
8
622
72
384
804
594
897
803
971
14
829
705
141
601
419
677
318
311
890
632
663
796
858
100
398
218
62
208
792
493
8
955
602
266
216
363
745
939
20
265
684
190
821
403
300
767
509
606
756
903
758
262
808
973
311
625
959
502
248
370
323
373
526
855
466
494
2
505
193
258
514
84
5
477
449
339
322
930
625
411
125
588
418
665
842
843
872
512
923
275
840
274
203
958
375
705
66
265
33
851
164
955
99
809
750
451
957
45
303
737
369
599
23
315
547
713
876
917
846
722
137
144
180
216
800
975
645
673
808
439
977
782
779
407
264
24
762
875
263
303
217
712
621
804
215
459
508
29
244
389
984
1
46
287
733
637
44
762
668
622
670
548
740
305
815
71
241
198
852
729
155
824
15
31
825
40
923
358
720
43
471
769
582
457
75
75
682
332
99
926
230
474
528
587
952
60
742
566
99
344
469
362
932
412
428
663
371
5
522
328
995
100
913
208
339
104
76
36
695
917
236
451
581
831
62
94
977
467
613
926
581
56
542
706
584
803
36
33
275
845
511
69
641
396
757
425
202
917
154
52
88
854
311
208
635
31
842
398
642
209
794
802
463
36
975
635
236
677
447
55
745
142
214
353
600
895
892
12
109
243
703
615
323
455
615
474
936
641
385
556
713
905
528
468
649
881
912
164
569
289
814
744
56
606
721
513
173
349
822
991
340
794
297
971
974
713
93
593
969
989
740
268
527
448
448
174
863
248
538
33
470
710
531
412
84
523
18
299
6
141
514
819
135
144
631
51
200
590
855
55
947
646
770
191
649
901
63
987
636
427
254
625
295
293
43
8
838
368
170
130
141
893
408
618
105
728
864
410
864
376
294
542
402
166
776
592
978
425
975
210
647
927
178
337
95
665
649
784
56
106
429
717
19
759
954
882
903
80
180
17
963
588
308
15
529
73
540
950
200
514
977
583
954
888
85
535
424
752
559
238
703
810
807
942
586
362
180
112
281
904
894
565
878
146
232
224
124
678
805
568
637
838
102
393
915
759
498
648
147
633
893
658
137
914
552
798
885
751
363
64
734
507
700
481
429
787
564
132
743
451
569
0
659
660
643
595
194
778
319
783
252
314
153
343
370
2
333
147
432
170
573
698
118
563
514
793
686
392
619
556
228
172
905
587
803
136
649
636
330
167
29
680
776
719
100
720
797
589
958
33
366
190
544
365
626
704
225
286
234
594
765
324
109
243
457
369
320
743
800
69
863
746
784
193
205
208
2
277
686
801
972
143
695
832
187
428
259
222
663
508
629
583
574
172
422
413
712
884
7
277
213
161
906
377
182
246
962
941
788
297
683
145
590
556
971
618
761
624
169
297
759
217
991
734
487
477
533
185
34
246
277
80
525
872
55
383
540
320
540
459
24
136
157
360
420
832
218
786
670
938
746
801
621
428
908
794
361
587
895
216
512
60
410
429
727
864
142
733
373
277
629
486
395
590
464
358
333
25
542
359
234
678
186
725
267
679
106
697
564
233
905
789
770
87
64
545
715
242
655
52
492
230
823
9
20
463
411
381
93
882
383
449
986
860
731
549
812
859
456
518
836
831
240
2
763
28
597
327
351
344
368
520
387
830
704
18
807
866
667
860
994
112
323
238
943
492
876
154
865
820
462
689
349
233
299
190
755
537
334
200
797
29
64
346
483
617
644
588
997
282
873
918
390
373
328
237
831
520
308
476
268
132
652
47
653
731
293
811
360
257
583
419
860
178
804
306
680
853
954
403
771
395
726
255
339
216
402
893
425
307
742
128
675
419
290
606
4
803
178
327
462
504
164
832
367
935
817
393
455
399
498
133
292
73
929
252
595
525
25
630
404
249
111
12
885
273
525
865
537
843
122
327
59
657
316
944
376
198
350
262
860
756
96
395
359
554
302
768
919
266
71
668
648
34
176
155
284
199
967
702
62
846
815
40
6
910
640
387
147
589
939
14
298
419
338
698
556
130
899
640
289
349
949
398
182
610
38
107
253
529
738
375
721
818
718
287
891
574
833
855
648
307
404
379
187
164
875
167
265
949
472
218
581
657
69
838
712
117
549
840
972
524
102
358
983
860
317
691
74
179
761
619
835
888
104
433
614
811
239
641
554
780
921
965
154
179
26
816
76
797
596
183
27
236
24
649
599
903
410
466
46
964
540
451
431
248
236
302
669
274
774
209
558
221
881
163
417
282
874
431
835
199
602
949
20
693
735
584
25
891
806
217
187
253
625
184
127
116
128
643
645
958
240
233
219
786
177
359
493
971
921
744
868
566
173
608
457
193
508
802
943
912
447
931
220
67
537
657
516
668
789
947
660
836
165
874
659
315
964
794
998
517
297
508
105
693
778
661
148
265
520
118
924
288
389
713
83
248
990
896
479
587
728
543
739
42
371
341
633
975
825
149
645
565
758
660
229
374
297
556
671
990
582
263
173
902
992
129
518
147
804
271
936
94
958
561
789
115
116
488
805
708
566
381
891
711
167
652
177
401
859
106
757
977
300
24
300
802
313
116
139
422
273
125
545
483
893
49
947
469
812
79
472
529
106
72
958
997
592
310
87
372
916
246
161
130
811
694
93
628
446
588
744
264
194
322
434
783
288
17
933
470
753
937
717
266
834
647
393
283
296
113
735
952
984
641
545
617
944
468
492
794
638
619
463
530
650
392
517
126
916
956
647
187
568
429
719
514
565
325
456
339
589
804
282
945
622
885
731
502
904
30
30
305
192
816
634
872
216
960
350
873
139
951
380
855
520
70
848
28
798
55
121
18
96
767
808
741
533
907
363
803
880
622
119
303
841
265
527
857
270
710
150
676
781
194
279
327
948
700
638
914
856
354
574
456
441
148
790
666
148
416
205
140
212
325
800
817
196
515
443
499
925
601
304
649
320
301
71
943
473
862
28
738
962
270
146
112
177
82
148
950
496
264
228
929
589
658
28
829
460
871
166
134
760
87
997
640
688
131
788
833
811
565
900
518
966
398
118
905
781
926
405
310
569
678
391
619
378
66
18
805
250
262
798
96
765
788
810
372
711
990
552
253
43
691
359
259
780
289
373
692
848
194
854
689
959
604
635
75
912
772
295
956
964
516
967
241
236
376
278
507
215
242
839
213
963
9
628
627
338
71
309
751
421
707
526
338
715
953
981
303
488
319
806
704
949
426
553
641
304
184
740
428
507
340
257
182
474
491
30
710
57
455
882
993
347
201
909
165
413
521
240
491
834
226
573
449
717
133
126
525
512
820
138
623
253
99
761
35
797
193
530
438
280
65
345
183
371
162
221
13
509
471
133
207
9
411
645
252
26
199
445
451
405
117
649
437
200
290
777
275
390
804
495
196
321
241
849
29
413
697
402
1
379
28
909
716
417
390
742
28
665
52
957
558
58
231
554
175
2
17
333
477
24
416
342
638
685
461
153
169
396
994
227
134
79
436
886
784
150
476
483
598
150
45
6
188
697
211
810
573
893
8
124
781
705
844
53
51
449
485
410
106
909
525
752
708
849
370
181
857
730
165
28
884
44
822
461
625
183
261
231
858
185
394
889
528
74
352
405
780
418
246
668
389
429
384
412
395
645
583
624
783
183
574
154
790
123
475
762
497
478
210
159
451
937
573
234
157
498
319
287
629
861
286
827
329
901
537
265
594
634
401
785
752
895
672
620
8
381
428
770
983
850
220
552
687
71
220
912
108
729
905
125
241
317
567
268
337
213
717
840
109
817
262
703
469
409
111
278
93
111
14
643
82
451
591
264
662
254
63
84
39
751
636
523
837
289
906
491
931
350
634
191
310
907
101
459
146
511
992
379
202
435
290
783
739
558
961
936
803
731
563
41
411
666
241
921
604
966
943
374
445
433
60
395
738
75
237
936
397
492
141
790
342
729
398
13
288
343
839
873
113
890
41
417
261
845
937
430
783
156
163
612
910
592
737
674
541
321
419
316
675
311
573
900
360
642
370
799
678
269
551
220
548
224
432
288
887
339
281
358
331
126
114
781
51
586
252
944
848
911
504
248
601
152
800
132
226
417
596
584
885
958
683
837
913
320
302
864
46
143
885
531
504
74
697
654
553
243
982
949
181
812
101
343
565
907
472
102
395
882
405
259
417
667
493
284
585
506
69
221
357
503
464
537
467
726
730
758
986
676
643
181
617
605
236
430
963
912
859
369
128
777
168
720
261
52
41
958
4
708
517
86
341
387
872
344
985
410
868
673
503
294
166
552
712
200
590
93
822
7
511
846
528
59
147
940
398
907
92
230
210
346
937
770
523
984
29
411
689
446
219
72
974
126
973
661
152
26
866
528
617
799
560
958
627
327
724
497
901
810
22
980
829
989
620
817
86
544
912
428
760
868
966
333
332
897
984
95
830
829
275
40
91
608
152
732
307
220
699
990
964
432
618
231
577
564
279
743
121
682
564
635
547
45
299
168
818
832
741
313
336
740
84
599
582
178
557
896
936
37
26
848
771
504
195
767
713
660
558
553
535
435
257
327
64
613
216
890
13
127
158
150
557
201
946
719
935
826
368
304
682
780
271
202
736
42
874
328
341
895
794
170
735
480
920
817
998
153
349
962
772
241
397
76
842
807
307
221
310
770
722
465
484
906
934
616
972
100
591
850
208
833
29
382
18
473
305
85
441
785
227
467
406
5
769
253
758
548
679
979
189
706
168
79
19
69
23
650
888
683
741
598
817
822
496
493
56
286
61
532
636
733
558
60
353
647
121
866
546
762
92
835
210
583
862
131
824
877
348
859
335
954
208
931
647
355
175
615
676
835
170
472
908
479
727
656
572
128
531
15
756
15
765
291
96
692
672
188
58
366
406
893
939
663
214
476
393
702
549
271
712
866
757
113
63
803
723
394
870
981
790
228
833
696
637
670
65
849
44
954
637
336
743
26
211
162
891
21
354
449
573
399
79
973
288
534
191
246
798
539
807
125
794
672
695
547
327
285
262
908
326
370
242
809
465
732
28
788
450
853
328
977
81
443
224
582
835
866
828
632
642
397
265
698
983
610
946
974
926
611
865
696
562
158
485
199
528
18
813
561
48
469
35
852
268
180
474
586
683
419
680
638
713
464
814
490
806
362
329
349
445
13
592
976
718
622
921
450
926
495
640
848
311
519
154
404
827
906
900
537
608
692
646
825
957
608
487
641
202
168
306
993
344
540
463
819
918
913
553
30
65
743
82
730
233
126
858
441
798
18
573
875
726
48
794
72
149
933
771
574
177
700
11
127
839
685
483
265
633
884
599
495
154
685
391
826
538
313
515
414
840
618
777
531
867
928
944
928
941
585
963
517
149
274
30
39
181
478
200
940
942
537
481
952
654
400
577
84
179
324
371
965
902
938
995
870
695
490
344
867
630
487
413
289
418
156
741
913
255
5
773
337
897
509
596
106
762
586
789
114
45
377
311
334
848
284
407
98
499
289
176
495
347
943
822
362
395
377
799
724
822
1
597
47
628
474
126
517
580
244
205
19
202
404
217
7
292
330
186
299
63
360
745
766
730
413
364
820
449
125
155
200
942
823
263
301
434
756
795
911
927
572
397
470
777
549
173
399
566
983
965
50
655
414
403
144
601
616
140
594
589
521
309
809
978
371
857
423
189
275
347
428
284
317
705
611
812
750
836
624
664
311
704
698
132
180
921
146
16
991
553
67
473
384
570
463
202
419
805
964
767
516
223
903
615
413
432
305
325
384
510
228
733
705
740
324
52
959
920
591
643
34
967
25
2
932
103
580
711
24
387
951
452
678
665
124
415
293
49
100
852
921
749
158
785
646
827
320
625
270
383
781
880
683
155
216
834
649
220
114
383
901
53
274
828
659
584
472
390
652
873
318
724
94
798
661
550
718
136
303
848
300
759
464
521
962
420
296
998
613
784
626
833
279
626
570
147
742
804
370
577
158
648
633
766
189
665
481
118
527
424
798
666
604
883
160
274
389
528
924
418
94
443
533
419
561
777
755
349
10
712
625
570
664
42
718
622
909
230
505
874
714
879
635
615
352
402
865
327
675
537
456
820
167
89
73
364
285
228
844
762
162
758
640
250
155
270
601
980
254
344
413
675
977
859
13
299
661
346
17
229
344
822
943
835
630
608
315
123
632
370
90
116
691
406
935
849
665
259
767
95
875
850
97
905
193
963
316
820
963
498
55
323
251
225
894
249
931
688
524
52
917
332
469
608
664
22
23
953
648
564
988
256
39
248
690
921
848
36
846
856
292
734
27
754
613
543
47
452
202
825
776
211
16
618
376
574
142
16
702
704
963
184
374
660
601
44
932
24
130
971
193
291
289
944
769
915
186
133
149
776
170
196
40
797
405
746
525
696
101
32
415
915
286
25
485
627
675
251
834
426
624
2
663
673
227
805
120
558
574
980
456
575
689
693
705
897
562
188
505
51
473
899
537
396
325
707
941
295
910
382
20
399
729
114
986
35
817
782
9
438
352
223
229
756
938
113
758
478
537
392
315
456
973
210
597
314
16
564
30
822
254
283
176
490
207
580
983
705
664
615
283
926
942
673
242
664
441
988
59
187
8
432
65
960
73
364
354
21
191
553
53
169
626
143
614
909
643
569
899
867
588
159
530
15
739
965
645
841
964
445
1000
35
45
869
665
624
450
422
415
742
727
426
208
12
879
922
675
500
247
732
428
93
789
141
641
323
320
247
118
532
769
40
458
102
961
801
511
138
719
179
592
97
155
720
401
216
341
631
523
914
827
171
459
834
103
438
9
719
805
272
349
872
602
9
720
987
233
887
170
170
788
879
140
814
243
564
382
626
178
163
388
471
640
234
300
190
109
318
208
14
18
950
977
742
627
251
549
601
475
31
603
759
506
311
921
699
219
869
1
804
192
317
664
900
610
656
903
475
565
620
96
188
80
28
266
769
993
982
879
702
639
752
199
789
656
5
601
821
46
183
601
239
622
413
691
758
808
925
205
381
527
492
29
469
544
706
786
425
843
19
136
528
149
508
178
744
445
0
663
253
324
222
991
487
555
754
748
91
617
479
276
358
329
876
927
259
742
722
349
199
964
909
369
593
839
51
750
765
375
27
15
772
474
913
341
532
630
308
805
784
657
962
288
317
830
66
987
306
676
400
576
781
277
198
513
153
889
408
793
464
129
305
847
850
437
730
26
68
867
582
35
329
318
675
387
901
780
834
102
973
793
202
957
912
717
150
287
874
924
500
802
345
69
345
934
414
817
893
605
210
711
131
238
544
350
277
574
843
355
753
766
812
911
456
143
886
689
799
218
631
870
679
677
854
454
99
852
412
439
271
594
3
584
380
972
210
514
327
873
624
720
834
750
337
912
281
554
887
563
376
880
912
135
241
470
819
833
99
418
588
676
901
884
911
258
266
213
573
1
247
399
67
360
53
779
870
401
831
703
586
778
580
38
953
127
584
0
478
754
747
835
441
912
14
413
988
287
562
477
706
199
498
853
121
250
735
849
664
734
490
253
27
31
318
863
274
670
285
183
587
115
857
863
799
992
335
33
222
680
45
574
839
249
612
668
250
779
887
500
522
337
184
140
40
331
679
739
778
187
802
515
955
844
368
200
41
605
609
965
196
200
125
389
624
96
481
870
517
699
380
984
330
290
146
540
442
905
659
35
667
484
152
100
480
499
0
131
446
155
926
305
843
236
865
535
11
722
619
619
141
643
335
140
860
721
419
606
391
414
79
989
33
847
844
948
106
769
346
615
654
783
910
667
328
318
693
795
196
246
224
590
466
617
621
350
990
905
447
562
376
269
835
104
689
153
895
162
45
927
221
54
716
852
454
976
647
209
992
81
652
579
589
123
890
524
366
183
657
902
557
652
112
711
43
671
874
317
306
283
2
819
789
272
797
998
406
569
192
135
28
501
652
295
968
100
418
384
251
11
314
773
693
869
219
801
292
122
104
931
722
810
495
942
444
479
624
767
661
340
829
179
39
26
449
582
821
333
77
579
286
561
511
134
361
793
718
727
950
784
815
824
219
354
464
415
297
542
736
48
717
51
570
93
449
793
388
735
496
412
830
134
479
455
597
435
373
331
417
521
678
542
509
379
896
1
443
913
37
233
902
677
738
265
390
964
454
884
269
292
641
712
624
825
859
676
535
787
267
719
439
100
594
963
794
366
550
505
960
877
321
593
608
506
217
862
287
959
158
126
983
457
997
855
141
702
107
243
865
447
559
998
240
959
69
224
845
611
638
794
654
484
264
469
230
430
320
208
425
409
284
73
775
386
684
389
255
593
423
27
233
329
109
694
647
548
666
818
843
900
479
793
182
617
540
361
572
166
174
383
322
707
156
317
681
571
382
449
705
207
515
624
610
723
221
275
725
931
588
487
970
553
484
666
164
26
299
72
291
840
972
777
563
609
308
702
832
930
165
495
647
963
82
592
452
696
218
964
286
551
771
648
767
214
896
362
902
201
182
735
258
500
386
925
257
93
539
917
138
424
314
983
554
997
181
509
780
531
179
821
882
360
94
583
398
373
206
707
108
279
449
148
41
765
946
790
985
497
266
732
915
506
237
639
385
215
918
334
942
372
332
38
940
210
249
541
557
130
858
870
612
561
797
476
374
299
726
555
312
378
417
878
297
249
716
860
293
728
292
199
300
989
649
407
145
446
512
476
89
664
500
23
580
223
76
441
559
689
796
314
532
748
530
127
866
103
923
168
575
675
460
474
21
451
693
520
910
889
963
979
167
964
629
441
845
994
376
864
299
372
253
985
371
535
550
455
701
908
26
13
918
967
813
190
31
176
821
430
132
232
537
523
961
381
607
559
491
700
244
690
245
408
160
183
650
539
318
464
464
841
836
573
799
938
643
934
409
689
111
685
141
532
242
709
338
272
738
807
923
286
472
683
342
744
662
167
41
952
377
816
905
526
205
172
949
179
730
344
954
835
557
414
279
70
683
519
44
225
273
988
618
360
800
938
691
794
762
617
469
505
41
740
356
145
19
393
245
307
288
14
101
400
679
831
58
798
15
428
799
784
915
902
840
91
925
539
494
933
838
192
56
551
218
496
379
817
172
444
470
812
783
592
228
583
118
442
429
422
853
164
432
982
231
537
858
828
419
733
693
990
197
681
17
344
496
740
289
964
907
778
598
879
453
729
665
42
80
972
93
393
666
174
777
145
826
633
676
635
256
131
860
750
478
659
76
497
405
683
313
94
441
222
432
140
596
1000
913
123
807
841
536
292
945
216
585
355
290
838
400
479
788
253
405
526
388
269
942
812
510
192
725
763
640
69
602
314
671
707
79
273
180
679
346
840
492
439
455
231
578
345
6
308
264
128
997
668
944
515
952
472
263
969
683
917
293
249
16
274
513
636
927
226
459
264
600
889
324
902
36
371
71
799
369
477
556
682
148
995
816
408
114
895
295
33
586
650
223
740
458
861
856
827
486
124
313
981
624
250
765
416
67
443
51
589
417
448
971
791
995
926
490
476
962
171
535
755
681
874
684
737
436
689
332
805
651
85
272
805
610
210
800
879
951
758
217
494
211
341
576
56
127
383
385
885
292
877
624
358
3
287
135
409
73
206
980
957
686
976
398
262
323
84
411
77
135
361
906
49
361
171
295
450
106
604
62
204
300
522
81
764
787
446
802
95
963
268
382
878
421
209
843
124
497
72
447
14
853
898
740
612
679
964
659
335
392
431
123
441
800
926
63
364
32
766
985
64
957
693
703
450
57
474
208
22
32
831
150
316
673
392
309
185
457
138
655
953
792
828
743
919
199
775
330
682
836
370
185
509
437
109
915
13
609
892
891
376
100
228
371
489
58
257
976
588
91
867
575
15
0
169
487
818
497
88
56
945
592
360
236
555
653
1
6
92
584
199
375
368
955
751
176
942
702
989
742
303
912
540
915
738
682
540
358
688
978
560
420
636
23
628
101
264
795
536
189
511
674
51
692
631
211
750
835
813
437
934
408
584
501
55
889
530
147
642
162
703
865
877
340
11
37
696
150
259
510
683
831
678
60
177
691
48
805
32
842
574
482
98
294
935
640
740
624
367
593
31
44
459
809
58
112
276
710
936
948
684
992
202
156
379
909
859
180
278
813
892
185
796
789
961
290
880
508
132
484
731
449
953
654
107
365
169
622
21
945
444
372
539
738
476
449
229
496
709
275
50
911
572
557
424
680
697
500
21
342
475
515
199
160
205
231
989
501
685
718
960
907
28
232
560
672
277
31
675
863
493
738
460
175
643
477
95
883
576
247
92
156
898
821
926
733
198
987
513
898
910
701
168
129
773
751
445
735
223
811
981
867
579
593
318
109
294
835
166
504
306
132
400
835
377
697
79
206
286
148
902
648
31
833
341
882
25
238
223
174
532
969
697
444
889
455
97
612
561
934
409
185
887
889
649
21
84
905
504
162
559
995
705
579
584
13
563
945
707
101
622
857
946
566
917
458
820
891
938
737
738
517
268
763
233
73
500
978
255
653
98
742
666
733
230
707
711
844
979
353
808
464
585
57
600
970
606
767
555
342
678
17
797
355
922
543
568
947
149
714
578
778
864
691
340
618
37
937
258
902
237
565
526
34
393
601
817
315
378
161
304
529
566
315
951
911
957
55
366
437
441
940
637
555
287
587
430
628
666
566
629
349
908
974
8
888
998
869
112
129
145
573
57
476
627
475
711
3
147
793
155
941
377
786
828
808
379
755
293
660
45
953
581
270
57
467
20
580
568
163
616
877
428
417
476
36
873
932
34
14
604
946
361
62
168
572
49
717
51
457
975
537
93
668
280
227
624
220
128
434
519
439
187
476
813
951
477
632
513
125
755
321
190
918
577
321
752
234
86
424
555
1000
862
17
409
242
74
660
375
450
264
574
561
881
981
227
700
752
709
973
713
114
381
262
912
318
735
135
968
58
253
436
281
436
671
431
402
15
446
229
425
390
155
256
923
225
647
663
351
241
453
252
488
837
572
891
396
571
242
581
370
538
939
417
27
984
768
306
522
470
332
350
594
474
38
366
433
493
428
468
323
92
671
709
740
333
118
57
545
69
629
195
33
568
887
870
844
339
239
532
613
27
607
804
595
558
431
917
810
912
549
533
448
323
307
81
412
752
525
90
742
698
580
584
429
931
514
435
471
69
679
84
863
655
454
257
716
209
193
341
763
185
307
901
301
255
492
515
886
138
943
392
233
65
414
133
569
502
871
98
563
546
113
766
838
883
797
922
726
723
71
76
75
199
618
830
700
710
43
193
604
348
750
282
559
571
506
767
992
114
108
794
744
706
951
256
365
433
857
414
566
360
933
904
677
521
759
644
38
525
706
929
971
582
198
155
389
695
779
622
606
906
689
997
512
535
116
883
490
368
682
93
984
11
104
303
240
235
764
785
769
472
168
604
895
409
290
626
427
634
482
86
477
119
738
161
223
222
735
224
91
506
671
595
329
22
638
105
560
780
742
811
88
1000
838
245
347
46
481
399
693
845
587
872
75
545
243
943
251
659
89
266
976
691
531
238
471
219
949
322
404
121
131
946
919
322
400
198
693
501
98
561
370
70
417
569
557
621
244
785
749
42
862
92
219
770
793
93
956
546
114
552
327
164
530
88
769
847
14
161
142
654
645
737
771
303
819
507
990
445
998
606
144
909
205
118
351
827
217
682
51
286
354
973
798
313
449
347
878
592
48
784
209
190
760
577
649
804
950
641
86
630
802
949
541
340
744
715
637
353
379
339
270
804
859
895
470
12
956
397
726
732
941
184
156
208
904
498
372
445
173
200
743
90
483
595
146
114
563
581
886
493
755
66
255
407
971
365
269
730
583
681
525
815
505
374
929
189
546
42
561
159
797
215
139
389
359
321
605
629
98
549
154
480
488
885
727
114
774
478
779
396
945
918
138
40
97
40
494
244
873
976
31
334
673
690
299
427
937
117
885
165
773
719
618
839
521
320
816
594
479
275
599
826
914
896
474
174
326
810
88
97
22
327
156
833
960
598
697
105
665
108
608
550
47
852
964
746
541
216
56
449
421
627
559
184
973
949
436
409
326
538
17
66
363
638
321
326
709
90
476
981
524
905
43
936
493
25
960
375
994
90
887
67
956
546
229
395
269
119
932
358
432
252
205
40
9
587
436
277
710
663
409
855
518
521
108
911
869
960
609
980
376
163
693
79
1
528
830
203
781
941
100
752
114
896
220
738
257
751
504
29
137
216
952
324
583
583
546
719
481
997
142
832
84
122
792
413
143
237
996
47
395
685
161
858
83
279
843
735
780
65
652
185
469
80
110
382
298
35
20
535
504
571
863
751
368
225
619
428
571
973
77
303
628
125
993
887
283
501
641
58
747
573
140
881
496
324
287
829
481
223
10
524
478
593
265
743
114
55
89
407
399
427
225
531
973
133
783
741
867
736
810
892
983
161
329
434
755
489
100
123
225
50
341
787
813
861
10
999
734
356
31
534
504
196
888
19
514
125
930
502
985
731
117
276
906
431
68
544
38
851
336
796
839
330
142
777
599
406
929
857
714
23
43
713
316
470
48
519
56
551
855
901
631
515
384
833
58
81
861
282
418
151
986
354
104
922
996
178
180
731
713
833
471
595
599
784
739
409
929
910
195
61
468
83
371
843
853
860
597
369
603
98
497
795
672
684
552
237
533
351
169
330
218
672
874
143
507
301
113
43
857
407
182
582
385
788
649
256
180
154
106
155
158
556
233
761
497
772
638
165
311
820
138
937
369
100
871
369
301
177
142
968
52
566
214
893
460
959
219
270
734
591
749
606
705
401
504
757
91
137
425
308
68
609
982
225
428
432
872
889
983
904
24
901
753
850
198
806
292
488
681
542
853
547
273
14
275
852
891
429
351
164
93
385
370
672
861
643
589
97
958
345
581
858
661
2
718
587
246
573
972
770
78
60
993
617
926
38
708
304
195
395
541
650
78
259
428
427
154
739
522
225
962
276
804
949
576
920
831
146
634
781
981
636
716
9
842
808
160
646
78
482
710
573
849
827
927
532
239
698
547
137
354
950
159
96
72
370
147
296
50
83
771
173
711
832
652
235
457
778
912
143
136
884
505
387
40
276
26
513
226
183
795
699
328
850
21
650
626
779
382
322
3
836
663
695
854
171
928
373
958
532
928
235
702
734
689
71
409
832
80
983
549
533
939
35
198
414
768
843
950
962
422
60
156
337
798
249
574
817
656
402
827
174
700
989
981
129
59
395
137
165
646
316
955
701
521
299
949
146
305
668
841
197
458
344
228
946
113
871
841
516
348
387
117
547
163
54
936
519
510
429
711
764
443
791
697
690
871
653
636
206
933
890
194
753
669
369
550
759
187
415
186
110
912
33
621
177
787
402
1000
208
183
64
539
221
324
328
975
842
505
392
512
589
285
618
592
321
622
688
119
943
845
984
17
739
135
698
54
797
283
374
630
467
540
121
851
264
261
980
736
135
982
596
561
859
177
558
284
104
223
313
219
131
649
610
420
601
911
662
336
282
651
611
102
784
205
624
174
124
672
180
539
431
980
439
994
877
998
786
402
6
427
682
237
145
1000
187
348
909
828
686
147
517
866
109
309
244
53
650
395
190
842
187
825
609
350
975
342
811
58
439
381
983
307
560
743
451
267
520
981
695
382
462
13
353
14
739
873
998
187
263
256
315
873
497
319
419
154
444
97
464
818
696
834
569
523
697
300
761
360
633
99
103
504
740
449
895
870
886
600
916
650
46
213
879
886
941
757
25
435
693
945
619
355
756
745
149
627
298
337
541
234
855
639
492
879
0
579
370
396
118
619
611
852
659
19
365
594
937
844
860
752
741
566
701
44
169
223
688
331
42
488
909
968
401
368
398
786
904
766
1
219
272
9
772
372
658
311
809
550
14
12
733
288
806
972
194
465
20
235
808
942
674
499
532
905
261
48
873
426
557
31
915
872
254
743
428
917
534
252
410
962
826
426
478
50
672
173
60
996
897
366
352
788
821
34
71
986
372
967
973
80
295
936
903
402
926
342
627
177
771
187
542
963
581
763
269
238
640
573
432
314
629
451
93
504
589
531
407
76
863
771
770
411
787
122
30
114
109
123
643
377
154
831
28
819
503
708
259
340
699
363
488
333
201
762
457
983
32
806
496
757
746
733
119
469
973
206
839
685
238
779
29
944
552
748
970
632
803
363
711
145
483
34
876
755
812
598
539
672
755
940
206
944
337
235
741
709
715
745
864
807
776
854
912
912
433
460
331
106
922
984
808
886
390
368
801
105
833
686
954
404
948
274
177
432
645
59
157
410
932
527
353
655
782
434
918
441
798
107
172
471
453
523
772
342
232
269
856
802
384
656
775
798
11
249
182
460
651
444
479
41
841
648
222
817
781
477
204
752
255
781
637
413
743
603
356
957
657
248
412
79
995
660
456
710
631
196
56
343
545
488
649
501
16
520
495
761
970
500
270
48
915
604
542
706
327
922
408
347
68
652
276
402
7
620
402
690
429
556
290
600
191
554
181
696
755
357
976
378
885
767
636
247
689
941
420
266
247
429
824
504
474
372
303
384
911
265
959
746
209
420
608
662
777
783
160
717
782
328
418
663
913
706
946
828
850
283
380
960
915
415
164
274
725
63
760
173
15
90
331
477
164
99
1000
659
750
889
367
464
835
606
110
256
754
618
570
527
382
706
152
559
345
735
738
425
741
636
128
891
658
191
163
606
196
961
877
124
31
447
139
937
351
267
535
196
308
473
910
620
576
601
396
727
825
741
510
928
8
201
508
789
488
989
766
886
397
37
596
905
244
908
510
538
893
305
426
406
56
679
342
478
198
172
52
268
523
249
696
622
68
645
817
616
945
108
518
847
774
890
737
305
618
655
559
929
769
259
933
124
206
575
310
294
524
859
636
636
965
40
610
500
310
276
55
266
808
941
908
553
897
578
415
574
697
291
183
563
331
232
780
807
566
521
886
944
163
598
812
434
76
825
829
532
937
183
335
828
336
88
413
341
440
508
940
445
741
952
479
208
935
183
454
526
387
146
337
684
153
440
533
938
977
972
272
650
541
191
252
97
684
320
493
318
219
143
126
216
803
47
779
729
701
897
673
192
23
837
674
227
288
911
573
495
654
658
397
523
806
795
399
304
661
149
370
660
53
165
475
353
369
537
610
617
848
443
151
153
138
264
849
290
149
19
952
754
638
623
122
952
811
173
675
303
870
383
645
439
660
630
918
429
428
672
482
140
864
628
55
195
341
298
464
957
729
902
922
215
322
160
969
827
882
500
818
118
420
253
941
471
85
817
752
163
324
542
375
979
230
830
399
853
958
608
412
208
844
96
339
647
104
962
95
627
53
214
132
599
991
200
178
859
680
145
71
536
65
552
17
448
924
77
623
319
564
290
818
465
52
501
183
240
408
308
855
937
518
971
397
47
6
329
872
751
722
973
847
574
730
99
918
633
429
745
419
798
405
230
409
830
813
906
952
312
512
650
593
454
771
719
118
715
572
302
35
988
962
683
766
859
163
291
522
261
932
704
65
463
509
20
580
879
786
905
804
705
241
612
677
946
786
398
871
912
500
492
15
799
784
41
792
351
723
123
605
760
34
572
769
720
834
866
480
3
317
821
367
684
403
909
117
398
826
463
905
574
306
140
924
744
666
904
283
536
861
412
956
459
843
107
902
56
329
283
617
39
919
368
554
437
279
906
736
210
405
483
111
721
126
66
292
739
300
298
132
436
885
400
26
58
672
433
431
60
360
937
27
644
998
383
844
421
369
635
365
450
494
529
125
584
133
408
919
803
581
585
839
209
685
189
185
685
137
381
421
628
697
845
285
92
234
776
82
636
185
847
905
848
571
163
82
996
661
506
415
959
289
200
981
83
990
507
908
433
500
824
368
740
647
718
739
770
875
300
405
141
177
674
233
693
216
611
144
390
204
509
54
872
285
196
388
13
912
681
456
600
224
297
867
724
686
630
586
819
641
475
433
52
110
643
254
633
131
458
129
701
53
433
915
473
506
508
85
973
792
19
762
460
217
788
29
358
717
0
552
322
180
78
619
19
881
285
209
11
649
868
828
830
353
63
481
74
557
99
730
183
435
585
521
785
128
641
269
651
862
414
185
229
55
427
240
127
121
4
909
358
754
529
849
334
724
277
494
307
1000
712
556
766
891
246
214
478
526
522
689
173
86
271
545
951
18
900
193
207
307
70
313
826
274
592
526
838
565
363
468
58
731
396
449
292
64
80
408
718
488
26
278
90
766
777
486
384
21
620
273
155
566
666
196
357
880
804
718
699
80
982
837
157
17
382
54
272
832
259
849
947
47
293
484
593
290
875
418
542
638
109
298
860
179
760
278
340
258
935
304
683
674
809
367
818
350
161
810
651
688
613
894
51
934
354
9
544
97
357
368
910
757
79
243
532
467
291
418
800
779
148
743
451
119
808
384
298
90
713
43
410
737
353
897
697
990
826
19
295
933
308
24
437
622
110
395
41
632
180
847
125
777
219
195
33
683
76
517
540
934
639
937
457
898
609
404
451
86
438
178
834
677
810
818
592
384
482
398
531
767
418
564
158
446
562
929
749
305
812
679
918
926
586
820
212
978
616
835
145
899
226
451
648
479
966
527
860
416
510
958
493
29
870
507
760
435
656
576
777
305
146
966
276
378
624
222
368
524
540
426
566
472
996
274
316
356
155
608
415
456
364
58
507
655
372
652
268
593
291
461
306
574
687
446
410
873
815
471
437
381
216
394
820
806
395
2
195
14
966
486
192
697
982
96
339
707
709
309
843
938
839
259
883
832
736
231
921
251
397
906
225
760
754
562
508
361
121
886
691
362
367
639
594
376
399
40
871
686
493
650
981
589
860
466
275
495
394
314
962
830
547
389
647
992
221
560
811
870
143
819
383
611
224
939
461
671
151
9
612
42
56
500
348
11
699
627
279
192
141
143
824
622
600
836
726
341
521
530
974
620
324
385
716
214
739
955
364
678
636
37
339
782
733
319
48
430
945
731
439
886
442
375
800
976
29
450
218
54
623
274
576
619
991
921
715
612
641
77
935
283
485
171
574
881
992
125
830
106
64
667
68
268
518
383
337
420
951
187
416
206
691
635
31
955
172
331
23
152
870
785
411
135
561
717
649
301
126
428
956
5
966
666
458
28
186
26
606
657
629
873
419
412
813
572
281
140
123
75
455
513
217
251
532
704
259
549
672
825
794
990
262
586
62
401
150
827
193
587
489
533
862
556
52
99
478
212
101
164
5
867
295
978
490
467
287
684
396
274
160
156
761
12
106
349
907
751
449
138
741
806
740
173
619
342
375
611
421
95
237
110
603
153
411
820
307
280
188
176
892
990
42
449
977
864
500
992
306
629
7
633
35
466
554
564
914
674
996
146
79
35
49
333
361
276
831
844
288
495
333
668
188
642
364
65
71
727
847
498
194
542
164
222
136
436
390
35
157
585
664
137
269
70
135
427
520
650
197
828
300
847
460
976
682
639
965
283
835
912
630
838
301
841
410
441
177
880
1
454
704
332
683
348
94
794
848
982
280
269
719
249
77
973
399
394
94
18
924
679
406
277
763
532
200
504
713
918
806
482
937
186
350
271
389
697
926
783
997
289
310
308
130
560
743
720
466
407
668
408
237
570
722
783
793
260
759
43
92
824
916
395
583
475
540
603
50
913
827
373
381
103
146
852
454
931
85
357
933
326
233
618
655
736
719
48
627
56
967
354
340
190
820
15
914
419
261
364
726
740
317
958
79
743
827
496
676
578
567
96
849
653
943
139
143
919
362
91
338
864
236
224
668
348
572
492
978
742
647
835
819
478
418
499
232
901
568
609
19
556
741
633
337
237
935
949
694
125
9
599
549
629
221
549
212
679
607
160
672
704
47
992
840
847
511
109
973
333
779
129
866
398
147
309
994
862
850
483
56
139
661
255
594
370
982
986
806
831
316
376
456
767
53
496
620
706
430
891
102
93
230
642
398
23
834
452
91
989
676
886
410
164
545
346
380
319
924
245
393
185
819
871
192
619
486
116
375
535
41
773
389
586
845
159
882
602
802
360
313
679
427
375
930
884
366
208
949
528
272
805
973
491
981
458
692
257
965
595
59
538
358
884
828
243
471
602
647
707
656
411
52
15
857
376
277
805
106
306
127
936
641
962
912
38
261
15
940
449
475
704
571
918
214
494
978
378
217
612
366
319
511
793
38
211
88
68
473
284
302
667
63
511
744
557
799
448
189
817
345
27
104
494
784
503
87
229
269
962
122
442
628
514
368
378
991
305
354
549
251
537
897
973
641
595
130
109
663
396
890
367
558
866
578
604
142
662
943
651
864
84
725
361
216
60
507
534
212
618
207
420
940
488
205
926
735
927
502
706
6
813
42
937
522
350
16
762
37
715
489
689
667
804
15
502
805
372
294
518
600
693
739
716
974
450
278
883
72
595
344
3
824
106
334
738
415
558
782
933
432
133
329
220
64
249
436
595
411
763
597
423
95
108
182
596
721
190
66
303
846
111
107
559
951
993
421
898
628
64
707
780
622
830
303
521
618
925
965
114
564
185
465
917
324
137
895
614
497
471
826
487
775
39
761
878
828
478
758
799
689
80
21
90
591
449
148
791
45
785
885
777
485
278
501
733
180
14
501
119
802
29
157
707
513
457
979
211
593
603
491
348
371
473
162
530
889
220
920
764
966
491
581
754
905
183
736
871
116
165
673
245
980
62
807
547
79
581
910
804
709
530
254
67
584
335
916
1
563
120
992
152
986
96
790
172
374
226
20
762
107
917
78
769
371
681
979
520
927
589
136
281
275
23
973
677
897
383
603
694
996
580
18
818
944
849
191
248
476
927
698
832
587
180
945
475
907
874
491
471
806
785
335
746
628
647
514
579
138
703
687
606
549
617
66
464
66
93
579
576
434
963
214
872
906
130
368
352
487
2
620
696
842
832
170
842
332
708
504
926
151
879
901
506
68
129
412
607
770
398
770
777
428
205
758
971
954
682
759
197
795
522
889
240
258
848
839
247
498
242
679
969
415
447
119
39
754
522
875
672
482
925
541
897
249
985
982
317
758
300
667
851
544
910
565
258
107
978
112
444
650
494
444
160
241
528
474
681
220
265
236
225
183
421
319
384
894
983
568
982
779
836
737
19
522
299
881
523
282
82
103
575
419
549
908
328
661
467
910
701
955
975
175
480
43
375
455
934
559
562
957
285
286
570
542
300
623
826
267
576
243
16
703
145
549
862
913
649
221
452
792
302
475
547
861
601
964
579
154
824
558
92
782
871
418
408
613
570
759
52
591
746
762
264
166
27
444
522
602
450
881
855
603
332
227
919
999
577
373
283
615
528
757
904
466
755
262
637
776
330
20
954
50
312
769
516
148
357
960
389
815
578
797
682
26
717
156
405
709
300
794
153
572
703
644
504
833
605
878
24
720
501
935
396
258
852
250
407
205
426
490
633
643
490
520
946
198
670
540
587
410
404
404
343
294
752
567
524
352
276
943
311
605
771
921
39
734
952
264
198
580
143
408
198
884
563
601
577
443
708
489
641
425
744
473
60
232
667
457
972
231
246
607
135
53
943
862
608
7
193
165
207
539
116
705
177
899
52
286
963
969
845
923
572
65
451
125
443
509
164
327
666
621
968
867
245
826
136
781
996
50
661
958
134
391
489
901
62
37
370
406
539
129
38
287
549
920
342
46
495
83
272
236
799
854
333
925
901
948
714
8
521
756
974
262
717
71
588
425
811
965
973
565
151
542
482
96
77
300
328
903
110
17
279
343
545
793
693
640
82
945
278
264
701
504
921
917
418
921
927
548
614
869
815
919
721
463
936
375
883
155
152
685
176
447
326
931
100
138
58
624
321
180
930
863
847
804
857
494
798
331
88
621
284
269
886
512
77
135
279
677
225
536
934
757
853
562
697
748
729
200
640
197
369
717
913
694
487
943
435
698
272
571
404
594
316
187
248
911
478
587
385
269
325
839
148
45
507
609
671
455
176
46
581
696
406
627
188
659
178
884
535
609
952
662
105
700
399
826
665
874
278
460
951
614
648
466
984
819
251
764
289
422
627
70
902
141
690
261
999
88
28
473
488
991
489
357
851
611
616
272
274
623
605
879
365
586
108
311
987
392
504
112
332
563
710
281
944
577
597
200
884
152
256
194
924
60
526
717
119
121
873
549
753
741
897
227
563
913
948
884
460
635
192
996
742
28
993
856
725
949
131
719
592
596
810
481
17
626
146
392
160
92
444
161
564
232
330
527
196
966
676
629
929
900
435
802
888
739
174
488
574
292
501
351
187
873
217
973
868
692
991
935
448
392
388
303
578
472
151
117
399
495
958
665
906
655
824
787
226
213
219
583
85
218
706
77
761
554
20
10
470
733
291
130
915
88
274
456
982
87
418
446
876
473
292
622
175
930
23
108
913
898
551
277
583
198
94
942
554
26
563
244
36
299
286
109
796
743
670
641
238
507
156
336
103
478
248
354
391
515
25
222
877
385
340
212
271
513
825
977
646
634
243
296
958
602
618
267
135
817
328
177
978
48
245
944
932
813
376
779
146
235
545
246
978
328
335
745
45
317
871
888
117
272
784
696
716
810
693
937
566
739
806
13
658
891
315
469
520
506
901
655
931
766
554
803
933
795
563
461
481
60
602
918
372
369
314
923
491
160
468
383
901
465
831
222
769
497
523
57
758
976
146
467
59
565
497
940
775
591
440
153
65
871
576
752
325
448
1
786
233
47
245
562
587
28
813
856
796
361
947
206
159
114
909
763
406
484
54
286
692
637
449
849
694
968
823
434
82
243
203
690
436
38
96
433
992
771
928
776
123
293
473
879
0
663
266
268
999
698
339
960
173
894
55
359
162
531
571
590
79
241
176
231
343
744
229
432
287
942
775
115
706
536
558
55
732
5
691
356
500
58
236
425
868
282
164
317
234
681
607
229
856
747
274
616
31
726
522
57
955
807
896
111
158
856
723
196
199
351
537
123
527
561
528
317
478
36
757
760
385
899
849
99
968
5
567
200
876
842
36
941
217
197
383
547
239
651
107
19
549
876
755
978
81
369
914
431
752
161
898
752
775
985
814
955
264
417
367
862
585
701
380
922
129
287
930
712
95
707
502
791
974
507
987
957
535
194
817
892
785
62
910
204
81
825
931
662
363
442
935
903
160
710
193
122
675
568
46
574
777
808
862
131
369
855
297
389
729
552
940
680
790
440
812
46
641
29
242
698
558
901
196
477
84
899
874
847
968
691
750
896
744
932
715
589
732
988
788
466
461
458
25
606
815
229
975
109
864
209
846
776
915
967
441
803
796
157
678
273
222
673
440
499
340
239
446
950
883
429
566
667
932
235
781
400
314
123
374
344
329
307
7
510
71
139
441
412
419
244
773
418
878
989
523
693
402
747
217
333
804
393
70
916
11
189
159
850
740
496
688
454
488
465
40
485
965
315
267
120
258
511
86
222
917
460
879
295
372
60
234
245
177
766
297
18
987
333
352
230
213
204
580
127
1
794
608
207
857
90
424
291
772
130
250
521
708
269
533
910
202
756
77
381
243
507
903
964
180
507
903
976
898
453
123
828
299
215
119
902
13
396
391
799
874
514
782
337
898
117
457
244
574
623
325
763
886
476
383
194
686
284
851
875
133
723
101
65
935
482
50
85
174
367
244
94
936
100
990
428
279
562
409
692
198
78
915
1
175
263
951
553
901
3
177
884
363
781
891
344
805
74
112
431
263
843
445
439
772
789
826
59
231
514
307
247
290
2
201
529
937
25
238
346
720
238
391
591
590
426
639
988
833
862
891
728
572
341
192
369
572
679
261
384
177
566
616
956
302
791
930
472
753
771
865
114
596
801
155
10
621
240
266
464
399
833
347
773
365
243
987
648
600
698
419
87
113
578
475
268
945
640
74
340
766
172
881
438
45
660
48
291
366
345
455
378
772
473
315
396
251
890
804
43
475
80
631
4
28
591
304
117
477
11
299
667
939
478
725
565
946
773
599
658
970
698
823
927
622
288
724
719
599
172
560
673
275
986
398
157
968
814
993
968
996
982
561
550
839
235
910
452
169
632
685
933
565
428
572
575
367
553
973
248
954
200
865
628
618
991
392
321
728
301
181
629
26
233
964
922
668
705
815
206
720
403
819
127
315
808
205
247
966
139
481
893
978
381
179
981
808
523
474
308
468
346
563
537
668
489
621
897
129
499
713
130
6
77
959
854
530
917
481
921
418
18
384
121
407
865
63
250
720
330
245
457
846
655
506
417
2
922
124
292
268
41
389
974
483
759
238
662
666
862
605
875
317
173
630
391
528
822
363
762
965
730
12
581
416
568
788
673
700
912
377
406
654
606
331
66
373
523
201
14
395
939
119
738
817
225
16
244
23
285
540
631
552
726
366
979
945
64
3
624
625
488
643
697
104
692
300
238
842
1
284
117
994
840
254
253
827
614
554
434
622
11
384
781
118
704
640
636
154
743
893
538
532
324
10
381
216
21
544
734
978
726
794
31
487
797
496
555
892
628
469
151
78
90
792
104
934
761
33
964
926
210
187
613
180
801
141
153
607
56
285
268
384
8
622
72
384
804
594
897
803
971
14
829
705
141
601
419
677
318
311
890
632
663
796
858
100
398
218
62
208
792
493
8
955
602
266
216
363
745
939
20
265
684
190
821
403
300
767
509
606
756
903
758
262
808
973
311
625
959
502
248
370
323
373
526
855
466
494
2
505
193
258
514
84
5
477
449
339
322
930
625
411
125
588
418
665
842
843
872
512
923
275
840
274
203
958
375
705
66
265
33
851
164
955
99
809
750
451
957
45
303
737
369
599
23
315
547
713
876
917
846
722
137
144
180
216
800
975
645
673
808
439
977
782
779
407
264
24
762
875
263
303
217
712
621
804
215
459
508
29
244
389
984
1
46
287
733
637
44
762
668
622
670
548
740
305
815
71
241
198
852
729
155
824
15
31
825
40
923
358
720
43
471
769
582
457
75
75
682
332
99
926
230
474
528
587
952
60
742
566
99
344
469
362
932
412
428
663
371
5
522
328
995
100
913
208
339
104
76
36
695
917
236
451
581
831
62
94
977
467
613
926
581
56
542
706
584
803
36
33
275
845
511
69
641
396
757
425
202
917
154
52
88
854
311
208
635
31
842
398
642
209
794
802
463
36
975
635
236
677
447
55
745
142
214
353
600
895
892
12
109
243
703
615
323
455
615
474
936
641
385
556
713
905
528
468
649
881
912
164
569
289
814
744
56
606
721
513
173
349
822
991
340
794
297
971
974
713
93
593
969
989
740
268
527
448
448
174
863
248
538
33
470
710
531
412
84
523
18
299
6
141
514
819
135
144
631
51
200
590
855
55
947
646
770
191
649
901
63
987
636
427
254
625
295
293
43
8
838
368
170
130
141
893
408
618
105
728
864
410
864
376
294
542
402
166
776
592
978
425
975
210
647
927
178
337
95
665
649
784
56
106
429
717
19
759
954
882
903
80
180
17
963
588
308
15
529
73
540
950
200
514
977
583
954
888
85
535
424
752
559
238
703
810
807
942
586
362
180
112
281
904
894
565
878
146
232
224
124
678
805
568
637
838
102
393
915
759
498
648
147
633
893
658
137
914
552
798
885
751
363
64
734
507
700
481
429
787
564
132
743
451
569
0
659
660
643
595
194
778
319
783
252
314
153
343
370
2
333
147
432
170
573
698
118
563
514
793
686
392
619
556
228
172
905
587
803
136
649
636
330
167
29
680
776
719
100
720
797
589
958
33
366
190
544
365
626
704
225
286
234
594
765
324
109
243
457
369
320
743
800
69
863
746
784
193
205
208
2
277
686
801
972
143
695
832
187
428
259
222
663
508
629
583
574
172
422
413
712
884
7
277
213
161
906
377
182
246
962
941
788
297
683
145
590
556
971
618
761
624
169
297
759
217
991
734
487
477
533
185
34
246
277
80
525
872
55
383
540
320
540
459
24
136
157
360
420
832
218
786
670
938
746
801
621
428
908
794
361
587
895
216
512
60
410
429
727
864
142
733
373
277
629
486
395
590
464
358
333
25
542
359
234
678
186
725
267
679
106
697
564
233
905
789
770
87
64
545
715
242
655
52
492
230
823
9
20
463
411
381
93
882
383
449
986
860
731
549
812
859
456
518
836
831
240
2
763
28
597
327
351
344
368
520
387
830
704
18
807
866
667
860
994
112
323
238
943
492
876
154
865
820
462
689
349
233
299
190
755
537
334
200
797
29
64
346
483
617
644
588
997
282
873
918
390
373
328
237
831
520
308
476
268
132
652
47
653
731
293
811
360
257
583
419
860
178
804
306
680
853
954
403
771
395
726
255
339
216
402
893
425
307
742
128
675
419
290
606
4
803
178
327
462
504
164
832
367
935
817
393
455
399
498
133
292
73
929
252
595
525
25
630
404
249
111
12
885
273
525
865
537
843
122
327
59
657
316
944
376
198
350
262
860
756
96
395
359
554
302
768
919
266
71
668
648
34
176
155
284
199
967
702
62
846
815
40
6
910
640
387
147
589
939
14
298
419
338
698
556
130
899
640
289
349
949
398
182
610
38
107
253
529
738
375
721
818
718
287
891
574
833
855
648
307
404
379
187
164
875
167
265
949
472
218
581
657
69
838
712
117
549
840
972
524
102
358
983
860
317
691
74
179
761
619
835
888
104
433
614
811
239
641
554
780
921
965
154
179
26
816
76
797
596
183
27
236
24
649
599
903
410
466
46
964
540
451
431
248
236
302
669
274
774
209
558
221
881
163
417
282
874
431
835
199
602
949
20
693
735
584
25
891
806
217
187
253
625
184
127
116
128
643
645
958
240
233
219
786
177
359
493
971
921
744
868
566
173
608
457
193
508
802
943
912
447
931
220
67
537
657
516
668
789
947
660
836
165
874
659
315
964
794
998
517
297
508
105
693
778
661
148
265
520
118
924
288
389
713
83
248
990
896
479
587
728
543
739
42
371
341
633
975
825
149
645
565
758
660
229
374
297
556
671
990
582
263
173
902
992
129
518
147
804
271
936
94
958
561
789
115
116
488
805
708
566
381
891
711
167
652
177
401
859
106
757
977
300
24
300
802
313
116
139
422
273
125
545
483
893
49
947
469
812
79
472
529
106
72
958
997
592
310
87
372
916
246
161
130
811
694
93
628
446
588
744
264
194
322
434
783
288
17
933
470
753
937
717
266
834
647
393
283
296
113
735
952
984
641
545
617
944
468
492
794
638
619
463
530
650
392
517
126
916
956
647
187
568
429
719
514
565
325
456
339
589
804
282
945
622
885
731
502
904
30
30
305
192
816
634
872
216
960
350
873
139
951
380
855
520
70
848
28
798
55
121
18
96
767
808
741
533
907
363
803
880
622
119
303
841
265
527
857
270
710
150
676
781
194
279
327
948
700
638
914
856
354
574
456
441
148
790
666
148
416
205
140
212
325
800
817
196
515
443
499
925
601
304
649
320
301
71
943
473
862
28
738
962
270
146
112
177
82
148
950
496
264
228
929
589
658
28
829
460
871
166
134
760
87
997
640
688
131
788
833
811
565
900
518
966
398
118
905
781
926
405
310
569
678
391
619
378
66
18
805
250
262
798
96
765
788
810
372
711
990
552
253
43
691
359
259
780
289
373
692
848
194
854
689
959
604
635
75
912
772
295
956
964
516
967
241
236
376
278
507
215
242
839
213
963
9
628
627
338
71
309
751
421
707
526
338
715
953
981
303
488
319
806
704
949
426
553
641
304
184
740
428
507
340
257
182
474
491
30
710
57
455
882
993
347
201
909
165
413
521
240
491
834
226
573
449
717
133
126
525
512
820
138
623
253
99
761
35
797
193
530
438
280
65
345
183
371
162
221
13
509
471
133
207
9
411
645
252
26
199
445
451
405
117
649
437
200
290
777
275
390
804
495
196
321
241
849
29
413
697
402
1
379
28
909
716
417
390
742
28
665
52
957
558
58
231
554
175
2
17
333
477
24
416
342
638
685
461
153
169
396
994
227
134
79
436
886
784
150
476
483
598
150
45
6
188
697
211
810
573
893
8
124
781
705
844
53
51
449
485
410
106
909
525
752
708
849
370
181
857
730
165
28
884
44
822
461
625
183
261
231
858
185
394
889
528
74
352
405
780
418
246
668
389
429
384
412
395
645
583
624
783
183
574
154
790
123
475
762
497
478
210
159
451
937
573
234
157
498
319
287
629
861
286
827
329
901
537
265
594
634
401
785
752
895
672
620
8
381
428
770
983
850
220
552
687
71
220
912
108
729
905
125
241
317
567
268
337
213
717
840
109
817
262
703
469
409
111
278
93
111
14
643
82
451
591
264
662
254
63
84
39
751
636
523
837
289
906
491
931
350
634
191
310
907
101
459
146
511
992
379
202
435
290
783
739
558
961
936
803
731
563
41
411
666
241
921
604
966
943
374
445
433
60
395
738
75
237
936
397
492
141
790
342
729
398
13
288
343
839
873
113
890
41
417
261
845
937
430
783
156
163
612
910
592
737
674
541
321
419
316
675
311
573
900
360
642
370
799
678
269
551
220
548
224
432
288
887
339
281
358
331
126
114
781
51
586
252
944
848
911
504
248
601
152
800
132
226
417
596
584
885
958
683
837
913
320
302
864
46
143
885
531
504
74
697
654
553
243
982
949
181
812
101
343
565
907
472
102
395
882
405
259
417
667
493
284
585
506
69
221
357
503
464
537
467
726
730
758
986
676
643
181
617
605
236
430
963
912
859
369
128
777
168
720
261
52
41
958
4
708
517
86
341
387
872
344
985
410
868
673
503
294
166
552
712
200
590
93
822
7
511
846
528
59
147
940
398
907
92
230
210
346
937
770
523
984
29
411
689
446
219
72
974
126
973
661
152
26
866
528
617
799
560
958
627
327
724
497
901
810
22
980
829
989
620
817
86
544
912
428
760
868
966
333
332
897
984
95
830
829
275
40
91
608
152
732
307
220
699
990
964
432
618
231
577
564
279
743
121
682
564
635
547
45
299
168
818
832
741
313
336
740
84
599
582
178
557
896
936
37
26
848
771
504
195
767
713
660
558
553
535
435
257
327
64
613
216
890
13
127
158
150
557
201
946
719
935
826
368
304
682
780
271
202
736
42
874
328
341
895
794
170
735
480
920
817
998
153
349
962
772
241
397
76
842
807
307
221
310
770
722
465
484
906
934
616
972
100
591
850
208
833
29
382
18
473
305
85
441
785
227
467
406
5
769
253
758
548
679
979
189
706
168
79
19
69
23
650
888
683
741
598
817
822
496
493
56
286
61
532
636
733
558
60
353
647
121
866
546
762
92
835
210
583
862
131
824
877
348
859
335
954
208
931
647
355
175
615
676
835
170
472
908
479
727
656
572
128
531
15
756
15
765
291
96
692
672
188
58
366
406
893
939
663
214
476
393
702
549
271
712
866
757
113
63
803
723
394
870
981
790
228
833
696
637
670
65
849
44
954
637
336
743
26
211
162
891
21
354
449
573
399
79
973
288
534
191
246
798
539
807
125
794
672
695
547
327
285
262
908
326
370
242
809
465
732
28
788
450
853
328
977
81
443
224
582
835
866
828
632
642
397
265
698
983
610
946
974
926
611
865
696
562
158
485
199
528
18
813
561
48
469
35
852
268
180
474
586
683
419
680
638
713
464
814
490
806
362
329
349
445
13
592
976
718
622
921
450
926
495
640
848
311
519
154
404
827
906
900
537
608
692
646
825
957
608
487
641
202
168
306
993
344
540
463
819
918
913
553
30
65
743
82
730
233
126
858
441
798
18
573
875
726
48
794
72
149
933
771
574
177
700
11
127
839
685
483
265
633
884
599
495
154
685
391
826
538
313
515
414
840
618
777
531
867
928
944
928
941
585
963
517
149
274
30
39
181
478
200
940
942
537
481
952
654
400
577
84
179
324
371
965
902
938
995
870
695
490
344
867
630
487
413
289
418
156
741
913
255
5
773
337
897
509
596
106
762
586
789
114
45
377
311
334
848
284
407
98
499
289
176
495
347
943
822
362
395
377
799
724
822
1
597
47
628
474
126
517
580
244
205
19
202
404
217
7
292
330
186
299
63
360
745
766
730
413
364
820
449
125
155
200
942
823
263
301
434
756
795
911
927
572
397
470
777
549
173
399
566
983
965
50
655
414
403
144
601
616
140
594
589
521
309
809
978
371
857
423
189
275
347
428
284
317
705
611
812
750
836
624
664
311
704
698
132
180
921
146
16
991
553
67
473
384
570
463
202
419
805
964
767
516
223
903
615
413
432
305
325
384
510
228
733
705
740
324
52
959
920
591
643
34
967
25
2
932
103
580
711
24
387
951
452
678
665
124
415
293
49
100
852
921
749
158
785
646
827
320
625
270
383
781
880
683
155
216
834
649
220
114
383
901
53
274
828
659
584
472
390
652
873
318
724
94
798
661
550
718
136
303
848
300
759
464
521
962
420
296
998
613
784
626
833
279
626
570
147
742
804
370
577
158
648
633
766
189
665
481
118
527
424
798
666
604
883
160
274
389
528
924
418
94
443
533
419
561
777
755
349
10
712
625
570
664
42
718
622
909
230
505
874
714
879
635
615
352
402
865
327
675
537
456
820
167
89
73
364
285
228
844
762
162
758
640
250
155
270
601
980
254
344
413
675
977
859
13
299
661
346
17
229
344
822
943
835
630
608
315
123
632
370
90
116
691
406
935
849
665
259
767
95
875
850
97
905
193
963
316
820
963
498
55
323
251
225
894
249
931
688
524
52
917
332
469
608
664
22
23
953
648
564
988
256
39
248
690
921
848
36
846
856
292
734
27
754
613
543
47
452
202
825
776
211
16
618
376
574
142
16
702
704
963
184
374
660
601
44
932
24
130
971
193
291
289
944
769
915
186
133
149
776
170
196
40
797
405
746
525
696
101
32
415
915
286
25
485
627
675
251
834
426
624
2
663
673
227
805
120
558
574
980
456
575
689
693
705
897
562
188
505
51
473
899
537
396
325
707
941
295
910
382
20
399
729
114
986
35
817
782
9
438
352
223
229
756
938
113
758
478
537
392
315
456
973
210
597
314
16
564
30
822
254
283
176
490
207
580
983
705
664
615
283
926
942
673
242
664
441
988
59
187
8
432
65
960
73
364
354
21
191
553
53
169
626
143
614
909
643
569
899
867
588
159
530
15
739
965
645
841
964
445
1000
35
45
869
665
624
450
422
415
742
727
426
208
12
879
922
675
500
247
732
428
93
789
141
641
323
320
247
118
532
769
40
458
102
961
801
511
138
719
179
592
97
155
720
401
216
341
631
523
914
827
171
459
834
103
438
9
719
805
272
349
872
602
9
720
987
233
887
170
170
788
879
140
814
243
564
382
626
178
163
388
471
640
234
300
190
109
318
208
14
18
950
977
742
627
251
549
601
475
31
603
759
506
311
921
699
219
869
1
804
192
317
664
900
610
656
903
475
565
620
96
188
80
28
266
769
993
982
879
702
639
752
199
789
656
5
601
821
46
183
601
239
622
413
691
758
808
925
205
381
527
492
29
469
544
706
786
425
843
19
136
528
149
508
178
744
445
0
663
253
324
222
991
487
555
754
748
91
617
479
276
358
329
876
927
259
742
722
349
199
964
909
369
593
839
51
750
765
375
27
15
772
474
913
341
532
630
308
805
784
657
962
288
317
830
66
987
306
676
400
576
781
277
198
513
153
889
408
793
464
129
305
847
850
437
730
26
68
867
582
35
329
318
675
387
901
780
834
102
973
793
202
957
912
717
150
287
874
924
500
802
345
69
345
934
414
817
893
605
210
711
131
238
544
350
277
574
843
355
753
766
812
911
456
143
886
689
799
218
631
870
679
677
854
454
99
852
412
439
271
594
3
584
380
972
210
514
327
873
624
720
834
750
337
912
281
554
887
563
376
880
912
135
241
470
819
833
99
418
588
676
901
884
911
258
266
213
573
1
247
399
67
360
53
779
870
401
831
703
586
778
580
38
953
127
584
0
478
754
747
835
441
912
14
413
988
287
562
477
706
199
498
853
121
250
735
849
664
734
490
253
27
31
318
863
274
670
285
183
587
115
857
863
799
992
335
33
222
680
45
574
839
249
612
668
250
779
887
500
522
337
184
140
40
331
679
739
778
187
802
515
955
844
368
200
41
605
609
965
196
200
125
389
624
96
481
870
517
699
380
984
330
290
146
540
442
905
659
35
667
484
152
100
480
499
0
131
446
155
926
305
843
236
865
535
11
722
619
619
141
643
335
140
860
721
419
606
391
414
79
989
33
847
844
948
106
769
346
615
654
783
910
667
328
318
693
795
196
246
224
590
466
617
621
350
990
905
447
562
376
269
835
104
689
153
895
162
45
927
221
54
716
852
454
976
647
209
992
81
652
579
589
123
890
524
366
183
657
902
557
652
112
711
43
671
874
317
306
283
2
819
789
272
797
998
406
569
192
135
28
501
652
295
968
100
418
384
251
11
314
773
693
869
219
801
292
122
104
931
722
810
495
942
444
479
624
767
661
340
829
179
39
26
449
582
821
333
77
579
286
561
511
134
361
793
718
727
950
784
815
824
219
354
464
415
297
542
736
48
717
51
570
93
449
793
388
735
496
412
830
134
479
455
597
435
373
331
417
521
678
542
509
379
896
1
443
913
37
233
902
677
738
265
390
964
454
884
269
292
641
712
624
825
859
676
535
787
267
719
439
100
594
963
794
366
550
505
960
877
321
593
608
506
217
862
287
959
158
126
983
457
997
855
141
702
107
243
865
447
559
998
240
959
69
224
845
611
638
794
654
484
264
469
230
430
320
208
425
409
284
73
775
386
684
389
255
593
423
27
233
329
109
694
647
548
666
818
843
900
479
793
182
617
540
361
572
166
174
383
322
707
156
317
681
571
382
449
705
207
515
624
610
723
221
275
725
931
588
487
970
553
484
666
164
26
299
72
291
840
972
777
563
609
308
702
832
930
165
495
647
963
82
592
452
696
218
964
286
551
771
648
767
214
896
362
902
201
182
735
258
500
386
925
257
93
539
917
138
424
314
983
554
997
181
509
780
531
179
821
882
360
94
583
398
373
206
707
108
279
449
148
41
765
946
790
985
497
266
732
915
506
237
639
385
215
918
334
942
372
332
38
940
210
249
541
557
130
858
870
612
561
797
476
374
299
726
555
312
378
417
878
297
249
716
860
293
728
292
199
300
989
649
407
145
446
512
476
89
664
500
23
580
223
76
441
559
689
796
314
532
748
530
127
866
103
923
168
575
675
460
474
21
451
693
520
910
889
963
979
167
964
629
441
845
994
376
864
299
372
253
985
371
535
550
455
701
908
26
13
918
967
813
190
31
176
821
430
132
232
537
523
961
381
607
559
491
700
244
690
245
408
160
183
650
539
318
464
464
841
836
573
799
938
643
934
409
689
111
685
141
532
242
709
338
272
738
807
923
286
472
683
342
744
662
167
41
952
377
816
905
526
205
172
949
179
730
344
954
835
557
414
279
70
683
519
44
225
273
988
618
360
800
938
691
794
762
617
469
505
41
740
356
145
19
393
245
307
288
14
101
400
679
831
58
798
15
428
799
784
915
902
840
91
925
539
494
933
838
192
56
551
218
496
379
817
172
444
470
812
783
592
228
583
118
442
429
422
853
164
432
982
231
537
858
828
419
733
693
990
197
681
17
344
496
740
289
964
907
778
598
879
453
729
665
42
80
972
93
393
666
174
777
145
826
633
676
635
256
131
860
750
478
659
76
497
405
683
313
94
441
222
432
140
596
1000
913
123
807
841
536
292
945
216
585
355
290
838
400
479
788
253
405
526
388
269
942
812
510
192
725
763
640
69
602
314
671
707
79
273
180
679
346
840
492
439
455
231
578
345
6
308
264
128
997
668
944
515
952
472
263
969
683
917
293
249
16
274
513
636
927
226
459
264
600
889
324
902
36
371
71
799
369
477
556
682
148
995
816
408
114
895
295
33
586
650
223
740
458
861
856
827
486
124
313
981
624
250
765
416
67
443
51
589
417
448
971
791
995
926
490
476
962
171
535
755
681
874
684
737
436
689
332
805
651
85
272
805
610
210
800
879
951
758
217
494
211
341
576
56
127
383
385
885
292
877
624
358
3
287
135
409
73
206
980
957
686
976
398
262
323
84
411
77
135
361
906
49
361
171
295
450
106
604
62
204
300
522
81
764
787
446
802
95
963
268
382
878
421
209
843
124
497
72
447
14
853
898
740
612
679
964
659
335
392
431
123
441
800
926
63
364
32
766
985
64
957
693
703
450
57
474
208
22
32
831
150
316
673
392
309
185
457
138
655
953
792
828
743
919
199
775
330
682
836
370
185
509
437
109
915
13
609
892
891
376
100
228
371
489
58
257
976
588
91
867
575
15
0
169
487
818
497
88
56
945
592
360
236
555
653
1
6
92
584
199
375
368
955
751
176
942
702
989
742
303
912
540
915
738
682
540
358
688
978
560
420
636
23
628
101
264
795
536
189
511
674
51
692
631
211
750
835
813
437
934
408
584
501
55
889
530
147
642
162
703
865
877
340
11
37
696
150
259
510
683
831
678
60
177
691
48
805
32
842
574
482
98
294
935
640
740
624
367
593
31
44
459
809
58
112
276
710
936
948
684
992
202
156
379
909
859
180
278
813
892
185
796
789
961
290
880
508
132
484
731
449
953
654
107
365
169
622
21
945
444
372
539
738
476
449
229
496
709
275
50
911
572
557
424
680
697
500
21
342
475
515
199
160
205
231
989
501
685
718
960
907
28
232
560
672
277
31
675
863
493
738
460
175
643
477
95
883
576
247
92
156
898
821
926
733
198
987
513
898
910
701
168
129
773
751
445
735
223
811
981
867
579
593
318
109
294
835
166
504
306
132
400
835
377
697
79
206
286
148
902
648
31
833
341
882
25
238
223
174
532
969
697
444
889
455
97
612
561
934
409
185
887
889
649
21
84
905
504
162
559
995
705
579
584
13
563
945
707
101
622
857
946
566
917
458
820
891
938
737
738
517
268
763
233
73
500
978
255
653
98
742
666
733
230
707
711
844
979
353
808
464
585
57
600
970
606
767
555
342
678
17
797
355
922
543
568
947
149
714
578
778
864
691
340
618
37
937
258
902
237
565
526
34
393
601
817
315
378
161
304
529
566
315
951
911
957
55
366
437
441
940
637
555
287
587
430
628
666
566
629
349
908
974
8
888
998
869
112
129
145
573
57
476
627
475
711
3
147
793
155
941
377
786
828
808
379
755
293
660
45
953
581
270
57
467
20
580
568
163
616
877
428
417
476
36
873
932
34
14
604
946
361
62
168
572
49
717
51
457
975
537
93
668
280
227
624
220
128
434
519
439
187
476
813
951
477
632
513
125
755
321
190
918
577
321
752
234
86
424
555
1000
862
17
409
242
74
660
375
450
264
574
561
881
981
227
700
752
709
973
713
114
381
262
912
318
735
135
968
58
253
436
281
436
671
431
402
15
446
229
425
390
155
256
923
225
647
663
351
241
453
252
488
837
572
891
396
571
242
581
370
538
939
417
27
984
768
306
522
470
332
350
594
474
38
366
433
493
428
468
323
92
671
709
740
333
118
57
545
69
629
195
33
568
887
870
844
339
239
532
613
27
607
804
595
558
431
917
810
912
549
533
448
323
307
81
412
752
525
90
742
698
580
584
429
931
514
435
471
69
679
84
863
655
454
257
716
209
193
341
763
185
307
901
301
255
492
515
886
138
943
392
233
65
414
133
569
502
871
98
563
546
113
766
838
883
797
922
726
